        Frequency / THz                Eps'' (Fit)/real
----------------------------------------------------------------------
                     430                       1.1214554
                     430                       1.1214554
               430.34036                        1.121672
               430.68066                        1.121911
                 431.021                       1.1221722
               431.36136                       1.1224556
               431.70169                       1.1227612
               432.04202                       1.1230892
               432.38239                       1.1234393
               432.53796                       1.1236068
               432.72272                       1.1238116
               433.06305                       1.1242062
               433.40341                       1.1246229
               433.74374                        1.125062
               434.08408                       1.1255231
               434.42444                       1.1260065
               434.76477                       1.1265119
               435.09091                       1.1270171
                435.1051                       1.1270397
               435.44547                       1.1275895
               435.78577                       1.1281614
                436.1261                       1.1287556
               436.46646                       1.1293719
               436.80679                       1.1300104
               437.14713                       1.1306709
               437.48749                       1.1313535
               437.65894                       1.1317059
               437.82782                       1.1320584
               438.16815                       1.1327852
               438.50851                       1.1335342
               438.84885                       1.1343052
               439.18921                       1.1350985
               439.52954                       1.1359137
               439.86987                       1.1367511
               440.21024                       1.1376104
                440.2421                       1.1376921
               440.55057                       1.1384919
               440.89087                       1.1393954
                441.2312                       1.1403209
               441.57156                       1.1412685
                441.9119                       1.1422381
               442.25226                       1.1432297
               442.59259                       1.1442434
               442.84052                       1.1449957
               442.93292                        1.145279
               443.27328                       1.1463367
               443.61362                       1.1474164
               443.95395                       1.1485181
               444.29431                       1.1496416
               444.63464                       1.1507874
               444.97498                       1.1519549
               445.31534                       1.1531445
               445.45428                       1.1536365
               445.65567                        1.154356
               445.99597                       1.1555895
               446.33633                       1.1568449
               446.67667                       1.1581222
                 447.017                       1.1594214
               447.35736                       1.1607426
               447.69769                       1.1620858
               448.03802                       1.1634507
               448.08347                       1.1636345
               448.37839                       1.1648376
               448.71872                       1.1662464
               449.05905                       1.1676772
               449.39941                       1.1691297
               449.73975                       1.1706041
               450.08008                       1.1721004
               450.42044                       1.1736186
               450.72815                       1.1750101
               450.76077                       1.1751585
               451.10107                       1.1767204
               451.44144                       1.1783041
               451.78177                       1.1799096
                452.1221                       1.1815369
               452.46246                       1.1831861
                452.8028                       1.1848569
               453.14313                       1.1865497
               453.38849                       1.1877834
               453.48349                       1.1882641
               453.82382                       1.1900004
               454.16415                       1.1917585
               454.50452                       1.1935383
               454.84485                       1.1953399
               455.18518                       1.1971632
               455.52554                       1.1990082
               455.86588                        1.200875
               456.06448                       1.2019745
               456.20618                       1.2027636
               456.54654                       1.2046738
               456.88687                       1.2066057
                457.2272                       1.2085593
               457.56757                       1.2105346
                457.9079                       1.2125314
               458.24826                       1.2145501
               458.58859                       1.2165904
               458.75629                       1.2176038
               458.92892                       1.2186524
               459.26929                       1.2207359
               459.60962                       1.2228411
               459.94995                        1.224968
               460.29031                       1.2271163
               460.63065                       1.2292864
               460.97095                       1.2314781
               461.31131                       1.2336912
               461.46399                       1.2346911
               461.65164                        1.235926
               461.99197                       1.2381823
               462.33234                       1.2404603
               462.67267                       1.2427597
                 463.013                       1.2450806
               463.35336                       1.2474231
                463.6937                       1.2497871
               464.03403                       1.2521726
               464.18768                       1.2532564
               464.37439                       1.2545795
               464.71472                        1.257008
               465.05505                       1.2594578
               465.39542                       1.2619292
               465.73575                       1.2644219
               466.07605                       1.2669362
               466.41641                       1.2694719
               466.75674                       1.2720289
               466.92743                       1.2733192
               467.09708                       1.2746073
               467.43744                       1.2772071
               467.77777                       1.2798283
                468.1181                       1.2824709
               468.45847                       1.2851348
                468.7988                         1.28782
               469.13913                       1.2905265
               469.47949                       1.2932544
               469.68335                       1.2948986
               469.81982                       1.2960035
               470.16016                       1.2987739
               470.50052                       1.3015656
               470.84085                       1.3043785
               471.18115                       1.3072127
               471.52151                       1.3100681
               471.86185                       1.3129447
               472.20218                       1.3158425
               472.45554                       1.3180132
               472.54254                       1.3187615
               472.88287                       1.3217016
               473.22321                       1.3246629
               473.56357                       1.3276453
                473.9039                       1.3306489
               474.24423                       1.3336736
               474.58459                       1.3367193
               474.92493                       1.3397862
               475.24411                       1.3426813
               475.26529                       1.3428741
               475.60562                       1.3459829
               475.94595                       1.3491129
               476.28625                       1.3522639
               476.62662                       1.3554358
               476.96695                       1.3586289
               477.30731                       1.3618428
               477.64764                       1.3650776
               477.98798                       1.3683333
               478.04907                       1.3689202
               478.32834                         1.37161
               478.66867                       1.3749076
                 479.009                        1.378226
               479.34937                       1.3815655
                479.6897                       1.3849256
               480.03003                       1.3883065
               480.37039                       1.3917084
               480.71072                       1.3951309
               480.87067                       1.3967466
               481.05106                       1.3985742
               481.39139                       1.4020382
               481.73172                       1.4055231
               482.07205                       1.4090285
               482.41241                       1.4125547
               482.75275                       1.4161016
               483.09308                       1.4196692
               483.43344                       1.4232572
               483.70889                       1.4261763
               483.77377                       1.4268659
               484.11411                       1.4304953
               484.45447                       1.4341451
                484.7948                       1.4378155
               485.13513                       1.4415065
               485.47549                       1.4452178
               485.81583                       1.4489498
               486.15613                       1.4527022
               486.49649                        1.456475
               486.56384                       1.4572241
               486.83682                       1.4602681
               487.17715                       1.4640818
               487.51752                       1.4679158
               487.85785                         1.47177
               488.19818                       1.4756446
               488.53854                       1.4795395
               488.87888                       1.4834547
               489.21921                       1.4873902
               489.43567                       1.4899036
               489.55957                       1.4913458
                489.8999                       1.4953216
               490.24023                       1.4993176
                490.5806                       1.5033337
               490.92093                         1.50737
               491.26123                       1.5114263
               491.60159                       1.5155028
               491.94193                       1.5195993
               492.28226                       1.5237157
               492.32446                       1.5242273
               492.62262                       1.5278522
               492.96295                       1.5320086
               493.30328                        1.536185
               493.64365                       1.5403813
               493.98398                       1.5445975
               494.32434                       1.5488335
               494.66467                       1.5530893
                 495.005                       1.5573649
               495.23026                       1.5602058
               495.34537                       1.5616603
                495.6857                       1.5659754
               496.02603                       1.5703104
               496.36636                       1.5746648
                496.7067                        1.579039
               497.04703                       1.5834328
               497.38739                       1.5878462
               497.72772                       1.5922791
               498.06805                       1.5967315
               498.15326                        1.597849
               498.40842                       1.6012034
               498.74875                       1.6056949
               499.08908                       1.6102058
               499.42944                       1.6147361
               499.76978                       1.6192857
               500.11011                       1.6238546
               500.45047                       1.6284429
                500.7908                       1.6330504
               501.09348                       1.6371644
               501.13113                       1.6376772
               501.47147                       1.6423231
                501.8118                       1.6469883
               502.15213                       1.6516726
               502.49249                        1.656376
               502.83282                       1.6610985
               503.17316                       1.6658399
               503.51352                       1.6706004
               503.85385                       1.6753799
               504.05106                       1.6781578
               504.19418                       1.6801782
               504.53455                       1.6849954
               504.87488                       1.6898316
               505.21521                       1.6946865
               505.55557                       1.6995602
                505.8959                       1.7044526
               506.23624                       1.7093638
               506.57657                       1.7142936
                506.9169                       1.7192421
               507.02609                       1.7208334
               507.25723                       1.7242091
                507.5976                       1.7291946
               507.93793                       1.7341988
               508.27826                       1.7392213
               508.61862                       1.7442623
               508.95895                       1.7493218
               509.29929                       1.7543995
               509.63965                       1.7594956
               509.97998                       1.7646099
               510.01868                       1.7651927
               510.32034                       1.7697425
               510.66068                       1.7748933
               511.00101                       1.7800622
               511.34137                       1.7852491
               511.68167                       1.7904543
               512.02203                       1.7956773
               512.36237                       1.8009185
                512.7027                       1.8061774
               513.02893                       1.8112354
               513.04303                       1.8114543
               513.38336                       1.8167491
               513.72369                       1.8220617
               514.06409                        1.827392
               514.40442                       1.8327399
               514.74475                       1.8381057
               515.08508                       1.8434889
               515.42542                       1.8488898
               515.76575                       1.8543082
               516.05695                       1.8589584
               516.10614                       1.8597442
               516.44641                       1.8651975
               516.78674                       1.8706683
               517.12714                       1.8761564
               517.46747                       1.8816618
                517.8078                       1.8871844
               518.14813                       1.8927243
               518.48846                       1.8982812
                518.8288                       1.9038553
               519.10284                       1.9083561
               519.16919                       1.9094465
               519.50952                       1.9150547
               519.84985                       1.9206798
               520.19019                       1.9263217
               520.53052                       1.9319806
               520.87091                       1.9376563
               521.21124                       1.9433488
               521.55151                       1.9490579
               521.89185                       1.9547837
               522.16675                       1.9594198
               522.23224                       1.9605261
               522.57257                        1.966285
                522.9129                       1.9720604
               523.25323                       1.9778523
               523.59357                       1.9836606
               523.93396                       1.9894851
               524.27429                        1.995326
               524.61462                        2.001183
               524.95496                       2.0070565
               525.24872                       2.0121386
               525.29529                       2.0129459
               525.63562                       2.0188513
               525.97601                       2.0247726
               526.31635                       2.0307102
               526.65662                       2.0366635
               526.99701                       2.0426326
               527.33734                       2.0486176
               527.67767                       2.0546181
               528.01801                       2.0606344
               528.34888                       2.0664978
               528.35834                       2.0666664
               528.69867                       2.0727139
               529.03906                       2.0787768
               529.37939                       2.0848553
               529.71973                       2.0909491
               530.06006                       2.0970583
               530.40039                       2.1031826
               530.74072                       2.1093223
               531.08112                       2.1154768
               531.42145                       2.1216466
               531.46729                       2.1224797
               531.76172                       2.1278315
               532.10211                       2.1340313
               532.44244                       2.1402459
               532.78278                       2.1464756
               533.12311                       2.1527197
               533.46344                       2.1589787
               533.80377                       2.1652524
               534.14417                       2.1715407
                534.4845                       2.1778433
               534.60419                        2.180063
               534.82483                       2.1841605
               535.16516                       2.1904922
               535.50549                       2.1968381
               535.84583                       2.2031982
               536.18622                       2.2095728
               536.52655                       2.2159612
               536.86682                       2.2223639
               537.20721                       2.2287805
               537.54755                       2.2352111
               537.75952                       2.2392232
               537.88788                       2.2416553
               538.22821                       2.2481136
               538.56854                       2.2545857
               538.90894                       2.2610712
               539.24927                       2.2675705
                539.5896                       2.2740834
               539.92993                       2.2806096
               540.27026                       2.2871492
                540.6106                       2.2937024
               540.93353                        2.299932
               540.95099                       2.3002687
               541.29132                        2.306848
               541.63165                       2.3134406
               541.97198                       2.3200462
               542.31232                       2.3266649
               542.65265                       2.3332965
               542.99298                       2.3399408
               543.33331                       2.3465981
               543.67365                       2.3532679
               544.01404                       2.3599505
               544.12622                       2.3621569
               544.35437                       2.3666456
                544.6947                        2.373353
               545.03503                       2.3800731
               545.37537                       2.3868053
                545.7157                       2.3935499
               546.05609                       2.4003067
               546.39642                       2.4070756
               546.73669                       2.4138567
               547.07709                       2.4206495
               547.33783                       2.4258618
               547.41742                       2.4274545
               547.75775                       2.4342711
               548.09808                       2.4410996
               548.43842                       2.4479396
               548.77875                       2.4547913
               549.11914                       2.4616547
               549.45947                       2.4685292
                549.7998                       2.4754155
               550.14014                       2.4823127
               550.48047                       2.4892213
               550.56836                       2.4910069
                550.8208                       2.4961412
               551.16119                        2.503072
               551.50153                       2.5100138
                551.8418                       2.5169666
               552.18219                       2.5239301
               552.52252                       2.5309043
               552.86285                       2.5378892
               553.20319                       2.5448849
               553.54352                       2.5518911
               553.81793                       2.5575473
               553.88385                       2.5589075
               554.22424                       2.5659347
               554.56458                       2.5729718
               554.90491                       2.5800192
               555.24524                       2.5870767
               555.58557                       2.5941443
               555.92596                       2.6012218
                556.2663                       2.6083093
               556.60663                       2.6154065
                556.9469                       2.6225135
               557.08673                       2.6254349
               557.28729                       2.6296301
               557.62762                       2.6367562
               557.96796                       2.6438918
               558.30829                        2.651037
               558.64862                       2.6581912
               558.98901                       2.6653547
               559.32935                       2.6725276
               559.66968                       2.6797092
               560.01001                       2.6868999
               560.35034                       2.6940997
               560.37476                       2.6946166
               560.69067                        2.701308
               561.03107                       2.7085252
                561.3714                       2.7157512
               561.71173                       2.7229855
               562.05206                       2.7302284
                562.3924                       2.7374797
               562.73273                       2.7447391
               563.07312                        2.752007
               563.41339                       2.7592828
               563.68225                       2.7650359
               563.75378                       2.7665668
               564.09412                       2.7738588
               564.43439                       2.7811587
               564.77478                       2.7884662
               565.11511                       2.7957814
               565.45544                       2.8031044
               565.79578                       2.8104348
               566.13617                       2.8177729
               566.47644                       2.8251181
               566.81683                       2.8324707
               567.00922                       2.8366308
               567.15717                       2.8398304
                567.4975                       2.8471971
               567.83783                       2.8545711
               568.17822                       2.8619518
               568.51849                       2.8693392
               568.85889                       2.8767338
               569.19922                       2.8841348
               569.53949                       2.8915422
               569.87988                       2.8989563
               570.22021                       2.9063768
                570.3559                       2.9093361
               570.56055                       2.9138036
               570.90088                       2.9212365
               571.24127                       2.9286754
               571.58154                       2.9361207
               571.92194                       2.9435718
               572.26227                       2.9510286
                572.6026                       2.9584913
               572.94293                       2.9659598
               573.28333                       2.9734337
                573.6236                       2.9809132
               573.72229                       2.9830818
               573.96399                       2.9883981
               574.30432                       2.9958882
               574.64459                       3.0033836
               574.98499                        3.010884
               575.32532                       3.0183897
               575.66565                       3.0259004
               576.00598                       3.0334156
               576.34637                       3.0409358
               576.68665                       3.0484607
               577.02704                       3.0559902
               577.10852                       3.0577936
               577.36737                        3.063524
                577.7077                       3.0710626
               578.04803                       3.0786052
               578.38843                       3.0861521
                578.7287                        3.093703
               579.06909                        3.101258
               579.40942                       3.1088171
               579.74969                         3.11638
               580.09009                       3.1239467
               580.43042                       3.1315169
               580.51477                       3.1333933
               580.77075                        3.139091
               581.11108                       3.1466684
               581.45148                       3.1542492
               581.79175                       3.1618333
               582.13214                       3.1694205
               582.47247                        3.177011
               582.81281                       3.1846044
               583.15314                       3.1922007
               583.49353                          3.1998
                583.8338                        3.207402
               583.94104                       3.2097983
               584.17419                       3.2150066
               584.51453                       3.2226138
                584.8548                       3.2302234
               585.19519                       3.2378354
               585.53552                       3.2454498
               585.87585                       3.2530663
               586.21619                        3.260685
               586.55658                       3.2683055
               586.89685                        3.275928
               587.23724                       3.2835524
               587.38763                       3.2869229
               587.57758                       3.2911785
               587.91791                       3.2988062
               588.25824                       3.3064356
               588.59863                       3.3140662
                588.9389                       3.3216984
                589.2793                       3.3293316
               589.61963                        3.336966
                589.9599                       3.3446016
               590.30029                       3.3522382
               590.64063                       3.3598757
               590.85455                        3.364677
               590.98102                       3.3675139
               591.32129                       3.3751528
               591.66168                       3.3827925
               592.00195                       3.3904326
               592.34235                        3.398073
               592.68268                       3.4057138
               593.02307                       3.4133549
               593.36334                       3.4209962
               593.70374                       3.4286373
               594.04407                       3.4362786
               594.34192                       3.4429669
                594.3844                       3.4439197
               594.72473                       3.4515605
                 595.065                       3.4592011
                595.4054                       3.4668412
               595.74573                       3.4744809
               596.08612                       3.4821198
               596.42639                       3.4897583
               596.76678                       3.4973958
               597.10712                       3.5050323
               597.44745                       3.5126681
               597.78778                       3.5203028
               597.84991                       3.5216961
               598.12817                       3.5279362
               598.46844                       3.5355685
               598.80884                       3.5431995
               599.14917                       3.5508289
                599.4895                       3.5584569
               599.82983                       3.5660834
               600.17017                       3.5737081
                600.5105                       3.5813308
               600.85083                       3.5889518
               601.19122                        3.596571
               601.37854                       3.6007648
               601.53149                       3.6041877
               601.87189                       3.6118026
               602.21222                        3.619415
               602.55255                       3.6270254
               602.89288                       3.6346331
               603.23328                       3.6422384
               603.57355                       3.6498408
               603.91394                       3.6574409
               604.25427                       3.6650379
                604.5946                       3.6726322
               604.92804                       3.6800699
               604.93494                       3.6802235
               605.27527                       3.6878116
                605.6156                       3.6953967
               605.95593                       3.7029784
               606.29633                       3.7105567
                606.6366                       3.7181318
               606.97699                       3.7257035
               607.31732                       3.7332714
               607.65765                       3.7408354
               607.99799                       3.7483959
               608.33838                       3.7559524
               608.49847                       3.7595069
               608.67865                        3.763505
               609.01904                       3.7710536
               609.35938                       3.7785981
               609.69971                       3.7861381
               610.04004                        3.793674
               610.38037                       3.8012054
                610.7207                       3.8087325
               611.06104                       3.8162549
               611.40143                       3.8237724
                611.7417                       3.8312855
               612.08209                       3.8387935
               612.09003                       3.8389683
               612.42242                       3.8462968
               612.76276                       3.8537951
               613.10309                       3.8612881
               613.44348                       3.8687761
               613.78375                       3.8762586
               614.12415                       3.8837359
               614.46448                       3.8912077
               614.80475                        3.898674
               615.14514                       3.9061348
               615.48547                       3.9135897
                615.7027                        3.918345
               615.82581                       3.9210389
               616.16614                       3.9284823
               616.50653                       3.9359198
                616.8468                        3.943351
               617.18719                       3.9507763
               617.52753                       3.9581952
               617.86786                       3.9656079
               618.20819                       3.9730144
               618.54858                       3.9804142
               618.88885                       3.9878075
               619.22925                       3.9951944
               619.33679                       3.9975264
               619.56958                       4.0025744
               619.90985                       4.0099478
               620.25024                        4.017314
               620.59058                       4.0246735
               620.93091                       4.0320258
               621.27124                        4.039371
               621.61163                       4.0467091
                621.9519                         4.05404
                622.2923                       4.0613637
               622.63263                       4.0686793
               622.97296                       4.0759878
               622.99225                       4.0764012
               623.31329                       4.0832891
               623.65369                       4.0905824
               623.99396                       4.0978675
               624.33435                       4.1051455
               624.67468                       4.1124148
               625.01495                       4.1196766
               625.35535                       4.1269302
               625.69568                       4.1341758
               626.03601                       4.1414132
               626.37634                       4.1486421
               626.66925                       4.1548572
               626.71674                       4.1558628
               627.05701                        4.163075
                627.3974                       4.1702785
               627.73773                       4.1774735
               628.07813                         4.18466
                628.4184                       4.1918378
               628.75879                       4.1990066
               629.09912                       4.2061663
               629.43945                       4.2133169
               629.77979                        4.220459
               630.12006                       4.2275915
               630.36804                       4.2327814
               630.46045                        4.234715
               630.80078                       4.2418289
               631.14117                       4.2489338
               631.48145                       4.2560291
               631.82184                       4.2631149
               632.16217                       4.2701917
                632.5025                       4.2772579
               632.84283                       4.2843151
               633.18323                       4.2913623
                633.5235                       4.2983994
               633.86389                       4.3054271
               634.08862                       4.3100624
               634.20422                       4.3124442
               634.54456                       4.3194513
               634.88489                       4.3264484
               635.22522                       4.3334355
               635.56555                       4.3404121
               635.90588                       4.3473787
               636.24628                       4.3543344
               636.58655                         4.36128
               636.92694                       4.3682146
               637.26727                       4.3751388
                637.6076                       4.3820524
               637.83118                       4.3865881
               637.94794                       4.3889551
               638.28833                       4.3958473
                638.6286                       4.4027281
               638.96899                       4.4095984
               639.30933                       4.4164572
               639.64966                       4.4233055
               639.98999                       4.4301424
               640.33032                       4.4369678
               640.67065                       4.4437823
               641.01099                       4.4505854
               641.35138                        4.457377
               641.59583                       4.4622483
               641.69165                       4.4641571
               642.03204                       4.4709253
               642.37238                       4.4776826
               642.71271                       4.4844279
               643.05304                       4.4911613
               643.39343                       4.4978833
                643.7337                       4.5045934
                644.0741                       4.5112915
               644.41443                       4.5179777
               644.75476                        4.524652
               645.09509                       4.5313139
               645.38263                       4.5369339
               645.43542                       4.5379639
               645.77576                       4.5446014
               646.11609                       4.5512266
               646.45648                       4.5578399
               646.79675                       4.5644407
               647.13715                       4.5710292
               647.47748                       4.5776048
               647.81781                        4.584168
               648.15814                       4.5907187
               648.49854                       4.5972567
               648.83881                       4.6037822
                649.1792                       4.6102948
               649.19189                       4.6105375
               649.51953                       4.6167941
               649.85986                        4.623281
                650.2002                        4.629755
               650.54053                       4.6362157
               650.88086                        4.642664
               651.22119                       4.6490984
               651.56158                         4.65552
               651.90186                       4.6619287
               652.24225                        4.668324
               652.58258                       4.6747055
               652.92291                       4.6810741
               653.02362                       4.6829553
               653.26324                       4.6874294
               653.60364                       4.6937709
               653.94391                        4.700099
                654.2843                       4.7064137
               654.62463                       4.7127147
               654.96497                       4.7190022
                655.3053                       4.7252755
               655.64563                       4.7315354
               655.98596                       4.7377815
               656.32629                       4.7440138
               656.66669                       4.7502322
               656.87787                       4.7540846
               657.00696                       4.7564368
               657.34735                       4.7626271
               657.68768                       4.7688036
               658.02802                       4.7749658
               658.36835                       4.7811141
               658.70874                       4.7872481
               659.04901                       4.7933683
                659.3894                       4.7994738
               659.72974                       4.8055649
               660.07013                       4.8116422
                660.4104                       4.8177047
               660.75073                       4.8237529
               660.75494                       4.8238273
               661.09106                       4.8297863
                661.4314                       4.8358059
               661.77179                       4.8418102
               662.11206                       4.8478003
               662.45245                        4.853776
               662.79279                       4.8597364
               663.13318                       4.8656826
               663.47345                        4.871614
               663.81384                       4.8775306
               664.15411                       4.8834319
               664.49451                       4.8893189
               664.65491                       4.8920884
               664.83484                       4.8951907
               665.17523                       4.9010477
                665.5155                       4.9068899
               665.85583                       4.9127169
               666.19623                        4.918529
                666.5365                       4.9243255
               666.87689                       4.9301076
               667.21722                        4.935874
               667.55756                       4.9416256
               667.89789                       4.9473615
               668.23828                       4.9530826
               668.57788                        4.958776
               668.57855                       4.9587879
               668.91895                       4.9644785
               669.25928                       4.9701533
               669.59961                       4.9758129
               669.93994                       4.9814572
               670.28033                       4.9870858
               670.62061                       4.9926991
               670.96094                       4.9982967
               671.30133                       5.0038791
                671.6416                       5.0094457
               671.98199                       5.0149965
               672.32233                       5.0205317
               672.52399                       5.0238042
               672.66266                       5.0260515
               673.00299                       5.0315557
               673.34338                       5.0370436
               673.68365                       5.0425162
               674.02405                       5.0479732
               674.36438                       5.0534139
               674.70471                       5.0588393
               675.04504                       5.0642486
               675.38538                       5.0696421
               675.72571                       5.0750194
               676.06604                       5.0803809
               676.40643                       5.0857267
               676.49341                         5.08709
                676.7467                       5.0910563
                677.0871                       5.0963697
               677.42743                       5.1016674
               677.76776                       5.1069489
               678.10809                       5.1122146
               678.44849                       5.1174641
               678.78876                       5.1226974
               679.12915                       5.1279144
               679.46948                       5.1331153
               679.80981                       5.1382999
               680.15015                       5.1434689
               680.48621                       5.1485567
               680.49048                       5.1486211
               680.83081                       5.1537571
               681.17114                       5.1588769
               681.51154                       5.1639805
               681.85181                       5.1690679
                682.1922                        5.174139
               682.53253                       5.1791935
               682.87286                       5.1842318
                683.2132                       5.1892538
               683.55359                       5.1942596
               683.89386                       5.1992488
               684.23425                       5.2042212
               684.50262                       5.2081313
               684.57458                       5.2091775
               684.91492                       5.2141175
               685.25525                       5.2190409
               685.59558                       5.2239475
               685.93591                        5.228838
               686.27625                       5.2337122
               686.61664                       5.2385693
               686.95691                       5.2434101
                687.2973                       5.2482347
               687.63763                       5.2530422
               687.97797                       5.2578335
                688.3183                       5.2626081
               688.54272                       5.2657471
               688.65869                       5.2673659
               688.99896                       5.2721071
               689.33936                       5.2768321
               689.67969                       5.2815399
               690.02002                       5.2862315
               690.36035                       5.2909064
               690.70068                       5.2955647
               691.04102                       5.3002062
               691.38135                        5.304831
               691.72174                       5.3094392
               692.06201                       5.3140302
                692.4024                       5.3186049
               692.60669                       5.3213429
               692.74274                        5.323163
               693.08307                       5.3277044
                693.4234                       5.3322291
               693.76379                       5.3367367
               694.10406                        5.341228
               694.44446                       5.3457022
               694.78479                       5.3501596
               695.12518                       5.3546004
               695.46545                       5.3590245
               695.80579                       5.3634319
               696.14612                       5.3678226
               696.48645                       5.3721962
               696.69464                       5.3748627
               696.82684                       5.3765535
               697.16711                       5.3808937
               697.50751                       5.3852172
               697.84784                       5.3895235
               698.18823                       5.3938136
                698.5285                       5.3980865
                698.8689                       5.4023428
               699.20917                       5.4065824
               699.54956                       5.4108052
               699.88989                       5.4150109
               700.23029                       5.4191999
               700.57056                       5.4233723
               700.80664                       5.4262571
               700.91089                       5.4275279
               701.25128                       5.4316664
               701.59155                       5.4357882
               701.93195                       5.4398932
               702.27222                       5.4439816
               702.61261                       5.4480534
               702.95294                       5.4521079
               703.29333                       5.4561458
               703.63361                       5.4601669
                 703.974                       5.4641714
               704.31433                       5.4681592
               704.65466                       5.4721298
               704.94305                        5.475481
                 704.995                       5.4760838
               705.33539                        5.480021
               705.67566                       5.4839416
               706.01599                       5.4878454
               706.35638                       5.4917326
               706.69666                       5.4956026
               707.03705                       5.4994559
               707.37738                        5.503293
               707.71771                        5.507113
               708.05804                       5.5109162
               708.39844                       5.5147028
               708.73871                       5.5184727
                709.0791                       5.5222259
               709.10382                       5.5224972
               709.41943                       5.5259624
               709.75977                       5.5296817
                710.1001                       5.5333848
               710.44049                       5.5370712
               710.78076                        5.540741
               711.12109                        5.544394
               711.46149                       5.5480304
               711.80176                         5.55165
               712.14215                        5.555253
               712.48248                       5.5588398
               712.82281                       5.5624094
               713.16315                       5.5659628
               713.28912                       5.5672731
               713.50354                       5.5694995
               713.84381                       5.5730195
                714.1842                       5.5765228
               714.52454                       5.5800099
               714.86487                       5.5834804
                715.2052                       5.5869341
               715.54559                       5.5903711
               715.88586                        5.593792
                716.2262                       5.5971966
               716.56659                        5.600584
               716.90686                       5.6039553
               717.24725                       5.6073103
               717.49908                       5.6097822
               717.58759                       5.6106486
               717.92792                       5.6139708
               718.26825                       5.6172762
               718.60864                       5.6205649
               718.94891                       5.6238379
               719.28931                       5.6270943
               719.62964                       5.6303339
               719.96997                       5.6335578
                720.3103                        5.636765
                720.6507                        5.639956
               720.99097                       5.6431303
                721.3313                       5.6462889
               721.67169                       5.6494308
               721.73395                       5.6500039
               722.01196                       5.6525564
               722.35236                       5.6556659
               722.69269                       5.6587591
               723.03302                       5.6618361
               723.37335                        5.664897
               723.71375                        5.667942
               724.05402                       5.6709704
               724.39441                       5.6739826
               724.73474                       5.6769791
               725.07507                       5.6799593
               725.41541                       5.6829233
                725.7558                       5.6858711
               725.99384                       5.6879234
               726.09607                       5.6888032
                726.4364                       5.6917191
               726.77679                       5.6946187
               727.11707                       5.6975026
               727.45746                       5.7003703
               727.79779                       5.7032223
               728.13812                       5.7060585
               728.47845                       5.7088785
               728.81885                       5.7116823
               729.15912                       5.7144709
               729.49951                       5.7172432
               729.83984                       5.7199998
               730.18024                       5.7227407
               730.27881                       5.7235317
               730.52051                       5.7254653
               730.86084                       5.7281747
               731.20117                       5.7308679
                731.5415                       5.7335458
                731.8819                       5.7362075
               732.22217                       5.7388539
               732.56256                       5.7414846
               732.90289                       5.7440996
               733.24329                       5.7466989
               733.58356                       5.7492824
               733.92395                       5.7518506
               734.26422                       5.7544031
               734.58911                        5.756825
               734.60461                       5.7569404
               734.94495                       5.7594619
               735.28534                       5.7619681
               735.62561                       5.7644587
               735.96594                       5.7669334
               736.30634                       5.7693934
               736.64661                       5.7718377
                 736.987                       5.7742667
               737.32727                         5.77668
               737.66766                       5.7790785
                 738.008                       5.7814612
               738.34839                       5.7838292
               738.68866                       5.7861814
                738.9248                       5.7878051
               739.02905                       5.7885189
               739.36938                       5.7908411
               739.70972                       5.7931476
               740.05005                       5.7954392
               740.39044                       5.7977161
               740.73071                       5.7999773
               741.07104                       5.8022242
               741.41144                       5.8044553
               741.75171                       5.8066716
                742.0921                       5.8088732
               742.43243                       5.8110595
               742.77277                        5.813231
                743.1131                       5.8153872
               743.28619                       5.8164783
               743.45349                       5.8175287
               743.79376                       5.8196559
               744.13416                       5.8217678
               744.47449                       5.8238649
               744.81482                       5.8259473
               745.15515                       5.8280149
               745.49554                       5.8300676
               745.83582                       5.8321056
               746.17615                       5.8341293
               746.51654                       5.8361378
               746.85681                       5.8381319
                747.1972                       5.8401117
               747.53754                       5.8420768
               747.67322                       5.8428559
               747.87787                       5.8440275
                748.2182                       5.8459635
               748.55859                       5.8478847
               748.89886                        5.849792
               749.23926                       5.8516846
               749.57959                       5.8535628
               749.91992                       5.8554268
               750.26025                       5.8572764
               750.60065                       5.8591113
               750.94092                       5.8609324
               751.28125                       5.8627391
               751.62164                       5.8645315
               751.96191                       5.8663101
               752.08612                       5.8669553
               752.30231                       5.8680739
               752.64264                       5.8698239
               752.98297                       5.8715601
                753.3233                        5.873282
                753.6637                       5.8749895
               754.00397                       5.8766832
               754.34436                       5.8783631
               754.68469                       5.8800287
               755.02502                        5.881681
               755.36536                       5.8833189
               755.70575                        5.884943
               756.04602                       5.8865533
               756.38635                       5.8881497
               756.52521                       5.8887968
               756.72675                       5.8897324
               757.06702                       5.8913012
               757.40741                       5.8928566
               757.74774                       5.8943982
               758.08807                        5.895926
               758.42841                       5.8974404
                758.7688                        5.898941
               759.10907                       5.9004283
               759.44946                       5.9019017
               759.78979                       5.9033618
               760.13013                       5.9048085
               760.47046                       5.9062414
               760.81085                       5.9076614
               760.99036                       5.9084053
               761.15112                       5.9090676
               761.49146                       5.9104609
               761.83185                       5.9118404
               762.17212                       5.9132071
               762.51251                       5.9145603
               762.85284                       5.9159002
               763.19318                       5.9172268
               763.53351                       5.9185405
                763.8739                       5.9198413
               764.21417                       5.9211287
               764.55457                       5.9224029
                764.8949                       5.9236641
               765.23523                       5.9249125
               765.48193                       5.9258094
               765.57556                       5.9261479
               765.91595                       5.9273701
               766.25623                       5.9285798
               766.59656                       5.9297767
               766.93695                       5.9309602
               767.27722                       5.9321313
               767.61761                       5.9332895
               767.95795                       5.9344349
               768.29834                       5.9355679
               768.63861                       5.9366879
                 768.979                       5.9377952
               769.31927                         5.93889
               769.65967                       5.9399724
                     770                       5.9410419
                     770                       5.9410419

