        Frequency / THz                Eps' (Fit)/real
----------------------------------------------------------------------
                     430                      -15.762645
                     430                      -15.762645
               430.34036                       -15.72087
               430.68066                      -15.679184
                 431.021                      -15.637587
               431.36136                      -15.596076
               431.70169                      -15.554655
               432.04202                      -15.513321
               432.38239                      -15.472074
               432.53796                      -15.453247
               432.72272                      -15.430914
               433.06305                      -15.389842
               433.40341                      -15.348856
               433.74374                      -15.307957
               434.08408                      -15.267143
               434.42444                      -15.226416
               434.76477                      -15.185774
               435.09091                      -15.146908
                435.1051                      -15.145219
               435.44547                      -15.104748
               435.78577                      -15.064363
                436.1261                      -15.024061
               436.46646                      -14.983846
               436.80679                      -14.943714
               437.14713                      -14.903666
               437.48749                      -14.863703
               437.65894                      -14.843603
               437.82782                      -14.823823
               438.16815                      -14.784027
               438.50851                      -14.744313
               438.84885                      -14.704683
               439.18921                      -14.665136
               439.52954                      -14.625672
               439.86987                       -14.58629
               440.21024                       -14.54699
                440.2421                      -14.543312
               440.55057                      -14.507772
               440.89087                      -14.468637
                441.2312                      -14.429583
               441.57156                       -14.39061
                441.9119                      -14.351718
               442.25226                      -14.312907
               442.59259                      -14.274178
               442.84052                      -14.246014
               442.93292                      -14.235528
               443.27328                      -14.196959
               443.61362                      -14.158469
               443.95395                      -14.120061
               444.29431                      -14.081732
               444.63464                      -14.043482
               444.97498                      -14.005312
               445.31534                       -13.96722
               445.45428                       -13.95169
               445.65567                      -13.929209
               445.99597                      -13.891275
               446.33633                       -13.85342
               446.67667                      -13.815644
                 447.017                      -13.777946
               447.35736                      -13.740326
               447.69769                      -13.702784
               448.03802                      -13.665319
               448.08347                      -13.660324
               448.37839                      -13.627933
               448.71872                      -13.590623
               449.05905                       -13.55339
               449.39941                      -13.516234
               449.73975                      -13.479156
               450.08008                      -13.442153
               450.42044                      -13.405227
               450.72815                      -13.371902
               450.76077                      -13.368377
               451.10107                      -13.331603
               451.44144                      -13.294906
               451.78177                      -13.258283
                452.1221                      -13.221736
               452.46246                      -13.185265
                452.8028                      -13.148869
               453.14313                      -13.112547
               453.38849                      -13.086411
               453.48349                      -13.076301
               453.82382                      -13.040129
               454.16415                      -13.004032
               454.50452                      -12.968009
               454.84485                       -12.93206
               455.18518                      -12.896185
               455.52554                      -12.860384
               455.86588                      -12.824656
               456.06448                       -12.80384
               456.20618                      -12.789003
               456.54654                      -12.753423
               456.88687                      -12.717916
                457.2272                      -12.682481
               457.56757                       -12.64712
                457.9079                      -12.611831
               458.24826                      -12.576614
               458.58859                      -12.541471
               458.75629                      -12.524179
               458.92892                      -12.506399
               459.26929                        -12.4714
               459.60962                      -12.436473
               459.94995                      -12.401617
               460.29031                      -12.366833
               460.63065                      -12.332121
               460.97095                       -12.29748
               461.31131                      -12.262909
               461.46399                      -12.247423
               461.65164                      -12.228411
               461.99197                      -12.193982
               462.33234                      -12.159625
               462.67267                      -12.125339
                 463.013                      -12.091123
               463.35336                      -12.056976
                463.6937                      -12.022901
               464.03403                      -11.988895
               464.18768                      -11.973567
               464.37439                      -11.954959
               464.71472                      -11.921093
               465.05505                      -11.887297
               465.39542                       -11.85357
               465.73575                      -11.819913
               466.07605                      -11.786325
               466.41641                      -11.752806
               466.75674                      -11.719356
               466.92743                      -11.702607
               467.09708                      -11.685974
               467.43744                      -11.652661
               467.77777                      -11.619417
                468.1181                      -11.586242
               468.45847                      -11.553134
                468.7988                      -11.520095
               469.13913                      -11.487124
               469.47949                      -11.454221
               469.68335                      -11.434545
               469.81982                      -11.421386
               470.16016                      -11.388618
               470.50052                      -11.355918
               470.84085                      -11.323285
               471.18115                       -11.29072
               471.52151                      -11.258222
               471.86185                       -11.22579
               472.20218                      -11.193426
               472.45554                      -11.169379
               472.54254                      -11.161129
               472.88287                      -11.128899
               473.22321                      -11.096734
               473.56357                      -11.064636
                473.9039                      -11.032605
               474.24423                       -11.00064
               474.58459                      -10.968741
               474.92493                      -10.936909
               475.24411                      -10.907116
               475.26529                      -10.905141
               475.60562                       -10.87344
               475.94595                      -10.841805
               476.28625                      -10.810235
               476.62662                       -10.77873
               476.96695                      -10.747291
               477.30731                      -10.715917
               477.64764                      -10.684608
               477.98798                      -10.653364
               478.04907                      -10.647761
               478.32834                      -10.622186
               478.66867                      -10.591071
                 479.009                      -10.560022
               479.34937                      -10.529037
                479.6897                      -10.498116
               480.03003                      -10.467261
               480.37039                      -10.436469
               480.71072                      -10.405742
               480.87067                      -10.391323
               481.05106                      -10.375079
               481.39139                       -10.34448
               481.73172                      -10.313944
               482.07205                      -10.283472
               482.41241                      -10.253064
               482.75275                       -10.22272
               483.09308                      -10.192439
               483.43344                      -10.162222
               483.70889                      -10.137812
               483.77377                      -10.132068
               484.11411                      -10.101976
               484.45447                      -10.071949
                484.7948                      -10.041984
               485.13513                      -10.012082
               485.47549                      -9.9822426
               485.81583                       -9.952466
               486.15613                      -9.9227524
               486.49649                      -9.8931017
               486.56384                      -9.8872404
               486.83682                       -9.863513
               487.17715                      -9.8339872
               487.51752                      -9.8045225
               487.85785                      -9.7751217
               488.19818                      -9.7457819
               488.53854                      -9.7165041
               488.87888                      -9.6872883
               489.21921                      -9.6581345
               489.43567                      -9.6396246
               489.55957                      -9.6290426
                489.8999                      -9.6000128
               490.24023                       -9.571044
                490.5806                      -9.5421371
               490.92093                      -9.5132914
               491.26123                      -9.4845066
               491.60159                      -9.4557838
               491.94193                      -9.4271221
               492.28226                      -9.3985214
               492.32446                      -9.3949814
               492.62262                      -9.3699818
               492.96295                      -9.3415031
               493.30328                      -9.3130856
               493.64365                      -9.2847281
               493.98398                      -9.2564316
               494.32434                      -9.2281961
               494.66467                      -9.2000217
                 495.005                      -9.1719065
               495.23026                      -9.1533308
               495.34537                      -9.1438532
                495.6857                       -9.115859
               496.02603                      -9.0879259
               496.36636                      -9.0600529
                496.7067                      -9.0322399
               497.04703                      -9.0044861
               497.38739                      -8.9767933
               497.72772                      -8.9491606
               498.06805                       -8.921587
               498.15326                      -8.9146957
               498.40842                      -8.8940735
               498.74875                      -8.8666201
               499.08908                      -8.8392258
               499.42944                      -8.8118916
               499.76978                      -8.7846165
               500.11011                      -8.7574005
               500.45047                      -8.7302446
                500.7908                      -8.7031469
               501.09348                      -8.6790981
               501.13113                      -8.6761093
               501.47147                      -8.6491308
                501.8118                      -8.6222115
               502.15213                      -8.5953512
               502.49249                      -8.5685501
               502.83282                      -8.5418072
               503.17316                      -8.5151234
               503.51352                      -8.4884987
               503.85385                      -8.4619322
               504.05106                      -8.4465656
               504.19418                      -8.4354248
               504.53455                      -8.4089756
               504.87488                      -8.3825855
               505.21521                      -8.3562536
               505.55557                      -8.3299799
                505.8959                      -8.3037653
               506.23624                      -8.2776079
               506.57657                      -8.2515097
                506.9169                      -8.2254686
               507.02609                      -8.2171278
               507.25723                      -8.1994867
                507.5976                       -8.173562
               507.93793                      -8.1476955
               508.27826                      -8.1218872
               508.61862                       -8.096137
               508.95895                      -8.0704441
               509.29929                      -8.0448093
               509.63965                      -8.0192327
               509.97998                      -7.9937129
               510.01868                      -7.9908142
               510.32034                      -7.9682508
               510.66068                      -7.9428468
               511.00101                      -7.9174995
               511.34137                      -7.8922105
               511.68167                      -7.8669782
               512.02203                      -7.8418036
               512.36237                      -7.8166862
                512.7027                       -7.791626
               513.02893                      -7.7676573
               513.04303                       -7.766623
               513.38336                      -7.7416768
               513.72369                      -7.7167883
               514.06409                      -7.6919565
               514.40442                      -7.6671815
               514.74475                      -7.6424637
               515.08508                      -7.6178026
               515.42542                      -7.5931983
               515.76575                      -7.5686512
               516.05695                      -7.5476923
               516.10614                      -7.5441604
               516.44641                      -7.5197263
               516.78674                      -7.4953489
               517.12714                      -7.4710279
               517.46747                      -7.4467635
                517.8078                      -7.4225559
               518.14813                      -7.3984046
               518.48846                      -7.3743095
                518.8288                      -7.3502707
               519.10284                      -7.3309555
               519.16919                      -7.3262882
               519.50952                      -7.3023624
               519.84985                      -7.2784925
               520.19019                      -7.2546787
               520.53052                      -7.2309208
               520.87091                      -7.2072191
               521.21124                      -7.1835737
               521.55151                      -7.1599841
               521.89185                      -7.1364503
               522.16675                      -7.1174855
               522.23224                      -7.1129727
               522.57257                      -7.0895505
                522.9129                      -7.0661845
               523.25323                      -7.0428739
               523.59357                      -7.0196195
               523.93396                      -6.9964204
               524.27429                      -6.9732766
               524.61462                      -6.9501891
               524.95496                      -6.9271564
               525.24872                      -6.9073215
               525.29529                      -6.9041796
               525.63562                      -6.8812585
               525.97601                      -6.8583922
               526.31635                      -6.8355818
               526.65662                      -6.8128266
               526.99701                      -6.7901268
               527.33734                      -6.7674818
               527.67767                      -6.7448926
               528.01801                      -6.7223582
               528.34888                      -6.7005057
               528.35834                      -6.6998787
               528.69867                      -6.6774545
               529.03906                      -6.6550856
               529.37939                      -6.6327715
               529.71973                      -6.6105123
               530.06006                      -6.5883083
               530.40039                      -6.5661588
               530.74072                       -6.544064
               531.08112                      -6.5220246
               531.42145                      -6.5000396
               531.46729                      -6.4970798
               531.76172                      -6.4781094
               532.10211                       -6.456234
               532.44244                       -6.434413
               532.78278                      -6.4126468
               533.12311                      -6.3909354
               533.46344                       -6.369278
               533.80377                      -6.3476753
               534.14417                      -6.3261271
                534.4845                      -6.3046336
               534.60419                      -6.2970886
               534.82483                      -6.2831941
               535.16516                      -6.2618089
               535.50549                      -6.2404785
               535.84583                       -6.219202
               536.18622                      -6.1979795
               536.52655                      -6.1768117
               536.86682                      -6.1556978
               537.20721                      -6.1346378
               537.54755                      -6.1136322
               537.75952                      -6.1005764
               537.88788                      -6.0926805
               538.22821                      -6.0717831
               538.56854                      -6.0509396
               538.90894                      -6.0301495
               539.24927                      -6.0094137
                539.5896                      -5.9887319
               539.92993                      -5.9681039
               540.27026                      -5.9475293
                540.6106                      -5.9270086
               540.93353                       -5.907589
               540.95099                      -5.9065418
               541.29132                      -5.8861289
               541.63165                      -5.8657694
               541.97198                      -5.8454633
               542.31232                       -5.825211
               542.65265                      -5.8050122
               542.99298                      -5.7848668
               543.33331                      -5.7647748
               543.67365                      -5.7447362
               544.01404                      -5.7247515
               544.12622                      -5.7181726
               544.35437                      -5.7048197
                544.6947                      -5.6849413
               545.03503                      -5.6651163
               545.37537                      -5.6453443
                545.7157                      -5.6256256
               546.05609                      -5.6059599
               546.39642                      -5.5863476
               546.73669                      -5.5667887
               547.07709                      -5.5472822
               547.33783                      -5.5323744
               547.41742                      -5.5278292
               547.75775                      -5.5084291
               548.09808                      -5.4890819
               548.43842                      -5.4697876
               548.77875                      -5.4505463
               549.11914                      -5.4313574
               549.45947                      -5.4122219
                549.7998                      -5.3931389
               550.14014                      -5.3741083
               550.48047                      -5.3551311
               550.56836                      -5.3502402
                550.8208                       -5.336206
               551.16119                      -5.3173337
               551.50153                      -5.2985144
                551.8418                       -5.279747
               552.18219                      -5.2610326
               552.52252                      -5.2423706
               552.86285                      -5.2237606
               553.20319                      -5.2052035
               553.54352                      -5.1866984
               553.81793                      -5.1718178
               553.88385                      -5.1682463
               554.22424                      -5.1498461
               554.56458                      -5.1314979
               554.90491                      -5.1132021
               555.24524                      -5.0949588
               555.58557                       -5.076767
               555.92596                      -5.0586276
                556.2663                      -5.0405407
               556.60663                      -5.0225053
                556.9469                      -5.0045223
               557.08673                      -4.9971523
               557.28729                      -4.9865909
               557.62762                      -4.9687114
               557.96796                      -4.9508843
               558.30829                      -4.9331083
               558.64862                      -4.9153848
               558.98901                      -4.8977127
               559.32935                      -4.8800926
               559.66968                       -4.862524
               560.01001                      -4.8450069
               560.35034                      -4.8275414
               560.37476                      -4.8262901
               560.69067                      -4.8101277
               561.03107                      -4.7927656
                561.3714                       -4.775455
               561.71173                      -4.7581954
               562.05206                      -4.7409878
                562.3924                      -4.7238312
               562.73273                      -4.7067261
               563.07312                       -4.689672
               563.41339                      -4.6726694
               563.68225                      -4.6592755
               563.75378                      -4.6557183
               564.09412                      -4.6388178
               564.43439                      -4.6219687
               564.77478                      -4.6051707
               565.11511                      -4.5884242
               565.45544                      -4.5717282
               565.79578                      -4.5550833
               566.13617                      -4.5384893
               566.47644                       -4.521946
               566.81683                      -4.5054536
               567.00922                      -4.4961514
               567.15717                      -4.4890122
                567.4975                      -4.4726214
               567.83783                      -4.4562817
               568.17822                      -4.4399924
               568.51849                      -4.4237537
               568.85889                      -4.4075656
               569.19922                       -4.391428
               569.53949                      -4.3753409
               569.87988                      -4.3593044
               570.22021                      -4.3433185
                570.3559                      -4.3369603
               570.56055                      -4.3273826
               570.90088                      -4.3114972
               571.24127                      -4.2956619
               571.58154                      -4.2798772
               571.92194                      -4.2641425
               572.26227                      -4.2484579
                572.6026                      -4.2328234
               572.94293                      -4.2172389
               573.28333                      -4.2017045
                573.6236                      -4.1862202
               573.72229                      -4.1817417
               573.96399                      -4.1707854
               574.30432                      -4.1554012
               574.64459                      -4.1400661
               574.98499                      -4.1247811
               575.32532                      -4.1095462
               575.66565                      -4.0943604
               576.00598                      -4.0792246
               576.34637                      -4.0641384
               576.68665                      -4.0491014
               577.02704                      -4.0341144
               577.10852                      -4.0305333
               577.36737                      -4.0191765
                577.7077                      -4.0042882
               578.04803                       -3.989449
               578.38843                      -3.9746592
                578.7287                      -3.9599187
               579.06909                      -3.9452274
               579.40942                      -3.9305854
               579.74969                      -3.9159923
               580.09009                      -3.9014482
               580.43042                      -3.8869534
               580.51477                      -3.8833697
               580.77075                      -3.8725073
               581.11108                      -3.8581104
               581.45148                      -3.8437622
               581.79175                      -3.8294628
               582.13214                       -3.815212
               582.47247                      -3.8010101
               582.81281                      -3.7868569
               583.15314                       -3.772752
               583.49353                      -3.7586958
                583.8338                      -3.7446883
               583.94104                      -3.7402835
               584.17419                      -3.7307289
               584.51453                      -3.7168181
                584.8548                      -3.7029555
               585.19519                      -3.6891413
               585.53552                      -3.6753752
               585.87585                      -3.6616573
               586.21619                      -3.6479876
               586.55658                       -3.634366
               586.89685                      -3.6207924
               587.23724                      -3.6072667
               587.38763                      -3.6013036
               587.57758                      -3.5937886
               587.91791                      -3.5803587
               588.25824                      -3.5669765
               588.59863                       -3.553642
                588.9389                       -3.540355
                589.2793                      -3.5271158
               589.61963                      -3.5139241
                589.9599                      -3.5007799
               590.30029                      -3.4876831
               590.64063                      -3.4746337
               590.85455                      -3.4664552
               590.98102                      -3.4616318
               591.32129                      -3.4486768
               591.66168                      -3.4357693
               592.00195                      -3.4229088
               592.34235                      -3.4100952
               592.68268                      -3.3973289
               593.02307                      -3.3846095
               593.36334                       -3.371937
               593.70374                      -3.3593113
               594.04407                      -3.3467324
               594.34192                      -3.3357601
                594.3844                      -3.3342001
               594.72473                      -3.3217146
                 595.065                      -3.3092756
                595.4054                      -3.2968831
               595.74573                      -3.2845373
               596.08612                      -3.2722378
               596.42639                      -3.2599845
               596.76678                      -3.2477775
               597.10712                      -3.2356167
               597.44745                      -3.2235022
               597.78778                      -3.2114336
               597.84991                      -3.2092359
               598.12817                      -3.1994112
               598.46844                      -3.1874347
               598.80884                       -3.175504
               599.14917                       -3.163619
                599.4895                      -3.1517801
               599.82983                      -3.1399865
               600.17017                      -3.1282389
                600.5105                      -3.1165366
               600.85083                      -3.1048799
               601.19122                      -3.0932686
               601.37854                      -3.0868955
               601.53149                      -3.0817027
               601.87189                      -3.0701821
               602.21222                      -3.0587065
               602.55255                      -3.0472763
               602.89288                      -3.0358911
               603.23328                      -3.0245509
               603.57355                      -3.0132556
               603.91394                      -3.0020053
               604.25427                      -2.9907997
                604.5946                      -2.9796388
               604.92804                      -2.9687469
               604.93494                      -2.9685225
               605.27527                      -2.9574511
                605.6156                       -2.946424
               605.95593                      -2.9354413
               606.29633                      -2.9245031
                606.6366                       -2.913609
               606.97699                      -2.9027593
               607.31732                      -2.8919539
               607.65765                      -2.8811924
               607.99799                      -2.8704748
               608.33838                      -2.8598013
               608.49847                       -2.854794
               608.67865                      -2.8491716
               609.01904                      -2.8385859
               609.35938                      -2.8280437
               609.69971                      -2.8175452
               610.04004                      -2.8070903
               610.38037                      -2.7966788
                610.7207                      -2.7863109
               611.06104                      -2.7759862
               611.40143                      -2.7657046
                611.7417                      -2.7554665
               612.08209                      -2.7452714
               612.09003                      -2.7450347
               612.42242                      -2.7351193
               612.76276                      -2.7250102
               613.10309                      -2.7149439
               613.44348                      -2.7049205
               613.78375                      -2.6949399
               614.12415                      -2.6850016
               614.46448                      -2.6751063
               614.80475                      -2.6652532
               615.14514                      -2.6554427
               615.48547                      -2.6456742
                615.7027                      -2.6394618
               615.82581                      -2.6359484
               616.16614                      -2.6262646
               616.50653                      -2.6166227
                616.8468                       -2.607023
               617.18719                       -2.597465
               617.52753                      -2.5879493
               617.86786                       -2.578475
               618.20819                      -2.5690424
               618.54858                      -2.5596516
               618.88885                       -2.550302
               619.22925                      -2.5409942
               619.33679                      -2.5380623
               619.56958                      -2.5317276
               619.90985                      -2.5225022
               620.25024                      -2.5133181
               620.59058                      -2.5041752
               620.93091                      -2.4950731
               621.27124                       -2.486012
               621.61163                      -2.4769919
                621.9519                      -2.4680123
                622.2923                      -2.4590738
               622.63263                      -2.4501755
               622.97296                       -2.441318
               622.99225                      -2.4408181
               623.31329                      -2.4325008
               623.65369                      -2.4237239
               623.99396                      -2.4149873
               624.33435                       -2.406291
               624.67468                      -2.3976345
               625.01495                      -2.3890183
               625.35535                      -2.3804419
               625.69568                      -2.3719053
               626.03601                      -2.3634083
               626.37634                      -2.3549511
               626.66925                      -2.3477044
               626.71674                      -2.3465335
               627.05701                      -2.3381555
                627.3974                      -2.3298166
               627.73773                      -2.3215172
               628.07813                       -2.313257
                628.4184                      -2.3050358
               628.75879                      -2.2968538
               629.09912                      -2.2887106
               629.43945                      -2.2806063
               629.77979                      -2.2725408
               630.12006                       -2.264514
               630.36804                      -2.2586911
               630.46045                      -2.2565258
               630.80078                      -2.2485759
               631.14117                      -2.2406645
               631.48145                      -2.2327914
               631.82184                      -2.2249565
               632.16217                        -2.21716
                632.5025                      -2.2094011
               632.84283                      -2.2016804
               633.18323                      -2.1939976
                633.5235                      -2.1863525
               633.86389                       -2.178745
               634.08862                      -2.1737416
               634.20422                      -2.1711752
               634.54456                      -2.1636429
               634.88489                       -2.156148
               635.22522                      -2.1486902
               635.56555                      -2.1412697
               635.90588                      -2.1338863
               636.24628                      -2.1265402
               636.58655                      -2.1192307
               636.92694                       -2.111958
               637.26727                      -2.1047223
                637.6076                       -2.097523
               637.83118                      -2.0928137
               637.94794                      -2.0903604
               638.28833                      -2.0832343
                638.6286                      -2.0761445
               638.96899                      -2.0690908
               639.30933                      -2.0620735
               639.64966                      -2.0550921
               639.98999                      -2.0481467
               640.33032                      -2.0412374
               640.67065                      -2.0343637
               641.01099                      -2.0275257
               641.35138                      -2.0207233
               641.59583                      -2.0158589
               641.69165                      -2.0139563
               642.03204                      -2.0072248
               642.37238                      -2.0005288
               642.71271                      -1.9938678
               643.05304                      -1.9872419
               643.39343                       -1.980651
                643.7337                      -1.9740951
                644.0741                       -1.967574
               644.41443                      -1.9610876
               644.75476                      -1.9546359
               645.09509                      -1.9482187
               645.38263                      -1.9428229
               645.43542                      -1.9418359
               645.77576                      -1.9354874
               646.11609                      -1.9291732
               646.45648                       -1.922893
               646.79675                      -1.9166471
               647.13715                       -1.910435
               647.47748                      -1.9042567
               647.81781                      -1.8981122
               648.15814                      -1.8920013
               648.49854                      -1.8859239
               648.83881                        -1.87988
                649.1792                      -1.8738694
               649.19189                      -1.8736455
               649.51953                      -1.8678921
               649.85986                       -1.861948
                650.2002                      -1.8560369
               650.54053                      -1.8501588
               650.88086                      -1.8443135
               651.22119                      -1.8385009
               651.56158                       -1.832721
               651.90186                      -1.8269737
               652.24225                      -1.8212588
               652.58258                      -1.8155762
               652.92291                      -1.8099259
               653.02362                      -1.8082608
               653.26324                      -1.8043077
               653.60364                      -1.7987217
               653.94391                      -1.7931675
                654.2843                      -1.7876452
               654.62463                      -1.7821547
               654.96497                      -1.7766957
                655.3053                      -1.7712684
               655.64563                      -1.7658725
               655.98596                      -1.7605079
               656.32629                      -1.7551746
               656.66669                      -1.7498724
               656.87787                      -1.7465972
               657.00696                      -1.7446012
               657.34735                       -1.739361
               657.68768                      -1.7341517
               658.02802                      -1.7289732
               658.36835                      -1.7238252
               658.70874                      -1.7187078
               659.04901                      -1.7136208
                659.3894                       -1.708564
               659.72974                      -1.7035377
               660.07013                      -1.6985414
                660.4104                      -1.6935751
               660.75073                      -1.6886388
               660.75494                      -1.6885779
               661.09106                      -1.6837323
                661.4314                      -1.6788555
               661.77179                      -1.6740084
               662.11206                      -1.6691908
               662.45245                      -1.6644025
               662.79279                      -1.6596437
               663.13318                       -1.654914
               663.47345                      -1.6502135
               663.81384                      -1.6455419
               664.15411                      -1.6408993
               664.49451                      -1.6362855
               664.65491                      -1.6341209
               664.83484                      -1.6317004
               665.17523                       -1.627144
                665.5155                      -1.6226159
               665.85583                      -1.6181164
               666.19623                      -1.6136451
                666.5365                       -1.609202
               666.87689                      -1.6047871
               667.21722                      -1.6004002
               667.55756                      -1.5960411
               667.89789                      -1.5917099
               668.23828                      -1.5874063
               668.57788                      -1.5831393
               668.57855                      -1.5831304
               668.91895                      -1.5788819
               669.25928                      -1.5746608
               669.59961                       -1.570467
               669.93994                      -1.5663003
               670.28033                      -1.5621608
               670.62061                      -1.5580482
               670.96094                      -1.5539626
               671.30133                      -1.5499038
                671.6416                      -1.5458715
               671.98199                      -1.5418659
               672.32233                      -1.5378869
               672.52399                      -1.5355415
               672.66266                       -1.533934
               673.00299                      -1.5300076
               673.34338                      -1.5261073
               673.68365                       -1.522233
               674.02405                      -1.5183848
               674.36438                      -1.5145624
               674.70471                      -1.5107658
               675.04504                      -1.5069948
               675.38538                      -1.5032494
               675.72571                      -1.4995296
               676.06604                      -1.4958351
               676.40643                      -1.4921657
               676.49341                       -1.491232
                676.7467                      -1.4885217
                677.0871                      -1.4849026
               677.42743                      -1.4813086
               677.76776                      -1.4777393
               678.10809                      -1.4741949
               678.44849                      -1.4706751
               678.78876                      -1.4671799
               679.12915                      -1.4637092
               679.46948                      -1.4602628
               679.80981                      -1.4568408
               680.15015                      -1.4534428
               680.48621                      -1.4501112
               680.49048                       -1.450069
               680.83081                      -1.4467191
               681.17114                       -1.443393
               681.51154                      -1.4400908
               681.85181                      -1.4368122
                682.1922                      -1.4335572
               682.53253                      -1.4303255
               682.87286                      -1.4271173
                683.2132                      -1.4239324
               683.55359                      -1.4207708
               683.89386                      -1.4176321
               684.23425                      -1.4145163
               684.50262                      -1.4120755
               684.57458                      -1.4114236
               684.91492                      -1.4083536
               685.25525                      -1.4053062
               685.59558                      -1.4022814
               685.93591                      -1.3992791
               686.27625                      -1.3962992
               686.61664                      -1.3933417
               686.95691                      -1.3904063
                687.2973                       -1.387493
               687.63763                      -1.3846017
               687.97797                      -1.3817322
                688.3183                      -1.3788847
               688.54272                      -1.3770189
               688.65869                      -1.3760588
               688.99896                      -1.3732545
               689.33936                      -1.3704717
               689.67969                      -1.3677104
               690.02002                      -1.3649703
               690.36035                      -1.3622515
               690.70068                      -1.3595538
               691.04102                      -1.3568772
               691.38135                      -1.3542215
               691.72174                      -1.3515866
               692.06201                      -1.3489724
                692.4024                       -1.346379
               692.60669                      -1.3448322
               692.74274                       -1.343806
               693.08307                      -1.3412536
                693.4234                      -1.3387215
               693.76379                      -1.3362097
               694.10406                      -1.3337179
               694.44446                      -1.3312464
               694.78479                      -1.3287947
               695.12518                      -1.3263631
               695.46545                      -1.3239511
               695.80579                       -1.321559
               696.14612                      -1.3191863
               696.48645                      -1.3168333
               696.69464                      -1.3154038
               696.82684                      -1.3144995
               697.16711                      -1.3121852
               697.50751                      -1.3098902
               697.84784                      -1.3076141
               698.18823                      -1.3053572
                698.5285                      -1.3031193
                698.8689                      -1.3009002
               699.20917                      -1.2986999
               699.54956                      -1.2965182
               699.88989                      -1.2943552
               700.23029                      -1.2922106
               700.57056                      -1.2900845
               700.80664                      -1.2886202
               700.91089                      -1.2879766
               701.25128                       -1.285887
               701.59155                      -1.2838155
               701.93195                      -1.2817621
               702.27222                      -1.2797266
               702.61261                       -1.277709
               702.95294                      -1.2757092
               703.29333                      -1.2737269
               703.63361                      -1.2717624
                 703.974                      -1.2698153
               704.31433                      -1.2678856
               704.65466                      -1.2659732
               704.94305                      -1.2643664
                 704.995                      -1.2640781
               705.33539                      -1.2622001
               705.67566                      -1.2603393
               706.01599                      -1.2584952
               706.35638                      -1.2566682
               706.69666                      -1.2548579
               707.03705                      -1.2530643
               707.37738                      -1.2512873
               707.71771                      -1.2495269
               708.05804                      -1.2477828
               708.39844                      -1.2460552
               708.73871                      -1.2443439
                709.0791                      -1.2426486
               709.10382                      -1.2425263
               709.41943                      -1.2409695
               709.75977                      -1.2393064
                710.1001                      -1.2376592
               710.44049                      -1.2360278
               710.78076                      -1.2344123
               711.12109                      -1.2328123
               711.46149                       -1.231228
               711.80176                      -1.2296591
               712.14215                      -1.2281057
               712.48248                      -1.2265675
               712.82281                      -1.2250446
               713.16315                      -1.2235368
               713.28912                      -1.2229829
               713.50354                      -1.2220442
               713.84381                      -1.2205665
                714.1842                      -1.2191037
               714.52454                      -1.2176558
               714.86487                      -1.2162225
                715.2052                      -1.2148041
               715.54559                         -1.2134
               715.88586                      -1.2120105
                716.2262                      -1.2106354
               716.56659                      -1.2092748
               716.90686                      -1.2079282
               717.24725                      -1.2065959
               717.49908                       -1.205619
               717.58759                      -1.2052776
               717.92792                      -1.2039733
               718.26825                       -1.202683
               718.60864                      -1.2014065
               718.94891                      -1.2001437
               719.28931                      -1.1988947
               719.62964                      -1.1976593
               719.96997                      -1.1964372
                720.3103                      -1.1952288
                720.6507                      -1.1940336
               720.99097                      -1.1928518
                721.3313                      -1.1916832
               721.67169                      -1.1905277
               721.73395                      -1.1903176
               722.01196                      -1.1893852
               722.35236                      -1.1882557
               722.69269                       -1.187139
               723.03302                      -1.1860353
               723.37335                      -1.1849443
               723.71375                      -1.1838658
               724.05402                      -1.1828001
               724.39441                      -1.1817467
               724.73474                      -1.1807059
               725.07507                      -1.1796774
               725.41541                      -1.1786611
                725.7558                      -1.1776571
               725.99384                       -1.176962
               726.09607                      -1.1766652
                726.4364                      -1.1756853
               726.77679                      -1.1747174
               727.11707                      -1.1737615
               727.45746                      -1.1728173
               727.79779                       -1.171885
               728.13812                      -1.1709642
               728.47845                      -1.1700552
               728.81885                      -1.1691576
               729.15912                      -1.1682715
               729.49951                      -1.1673968
               729.83984                      -1.1665335
               730.18024                      -1.1656812
               730.27881                      -1.1654364
               730.52051                      -1.1648403
               730.86084                      -1.1640104
               731.20117                      -1.1631916
                731.5415                      -1.1623837
                731.8819                      -1.1615866
               732.22217                      -1.1608005
               732.56256                       -1.160025
               732.90289                      -1.1592603
               733.24329                       -1.158506
               733.58356                      -1.1577624
               733.92395                      -1.1570293
               734.26422                      -1.1563064
               734.58911                      -1.1556262
               734.60461                       -1.155594
               734.94495                      -1.1548917
               735.28534                      -1.1541997
               735.62561                      -1.1535178
               735.96594                       -1.152846
               736.30634                      -1.1521841
               736.64661                      -1.1515321
                 736.987                        -1.15089
               737.32727                      -1.1502577
               737.66766                      -1.1496351
                 738.008                      -1.1490221
               738.34839                      -1.1484187
               738.68866                      -1.1478248
                738.9248                      -1.1474183
               739.02905                      -1.1472403
               739.36938                      -1.1466652
               739.70972                      -1.1460994
               740.05005                       -1.145543
               740.39044                      -1.1449957
               740.73071                      -1.1444575
               741.07104                      -1.1439284
               741.41144                      -1.1434082
               741.75171                       -1.142897
                742.0921                      -1.1423947
               742.43243                      -1.1419011
               742.77277                      -1.1414163
                743.1131                      -1.1409401
               743.28619                      -1.1407013
               743.45349                      -1.1404725
               743.79376                      -1.1400136
               744.13416                      -1.1395631
               744.47449                      -1.1391211
               744.81482                      -1.1386873
               745.15515                      -1.1382619
               745.49554                      -1.1378447
               745.83582                      -1.1374357
               746.17615                      -1.1370348
               746.51654                       -1.136642
               746.85681                      -1.1362572
                747.1972                      -1.1358802
               747.53754                      -1.1355113
               747.67322                      -1.1353663
               747.87787                      -1.1351501
                748.2182                      -1.1347966
               748.55859                      -1.1344508
               748.89886                      -1.1341127
               749.23926                      -1.1337823
               749.57959                      -1.1334592
               749.91992                      -1.1331437
               750.26025                      -1.1328355
               750.60065                      -1.1325347
               750.94092                      -1.1322412
               751.28125                       -1.131955
               751.62164                       -1.131676
               751.96191                      -1.1314039
               752.08612                      -1.1313064
               752.30231                       -1.131139
               752.64264                      -1.1308812
               752.98297                      -1.1306303
                753.3233                      -1.1303861
                753.6637                       -1.130149
               754.00397                      -1.1299186
               754.34436                      -1.1296948
               754.68469                      -1.1294779
               755.02502                      -1.1292675
               755.36536                      -1.1290636
               755.70575                      -1.1288663
               756.04602                      -1.1286755
               756.38635                       -1.128491
               756.52521                      -1.1284176
               756.72675                      -1.1283129
               757.06702                      -1.1281412
               757.40741                      -1.1279756
               757.74774                      -1.1278162
               758.08807                       -1.127663
               758.42841                      -1.1275159
                758.7688                      -1.1273748
               759.10907                      -1.1272397
               759.44946                      -1.1271106
               759.78979                      -1.1269872
               760.13013                      -1.1268698
               760.47046                      -1.1267581
               760.81085                      -1.1266522
               760.99036                      -1.1265986
               761.15112                       -1.126552
               761.49146                      -1.1264573
               761.83185                      -1.1263683
               762.17212                      -1.1262848
               762.51251                      -1.1262068
               762.85284                      -1.1261342
               763.19318                      -1.1260669
               763.53351                      -1.1260051
                763.8739                      -1.1259485
               764.21417                      -1.1258972
               764.55457                       -1.125851
                764.8949                        -1.12581
               765.23523                       -1.125774
               765.48193                      -1.1257513
               765.57556                      -1.1257432
               765.91595                      -1.1257174
               766.25623                      -1.1256964
               766.59656                      -1.1256804
               766.93695                      -1.1256694
               767.27722                       -1.125663
               767.61761                      -1.1256615
               767.95795                      -1.1256646
               768.29834                      -1.1256725
               768.63861                       -1.125685
                 768.979                       -1.125702
               769.31927                      -1.1257237
               769.65967                      -1.1257498
                     770                      -1.1257805
                     770                      -1.1257805